v3.0 hex words addressed
00: 00b70034 00000000 00000034 00000000 00000000 00000000 00000000 00000000
08: 00000000 00000000 00000000 00000000 00000000 00000000 00000000 00000000
10: 00000000 00000000 00000000 00000000 00000000 00000000 00000000 00000000
18: 00000000 00000000 00000000 00000000 00000000 00000000 00000000 00000000
20: 00000000 00000000 00000000 00000000 00000000 00000000 00000000 00000000
28: 00000000 00000000 00000000 00000000 00000000 00000000 00000000 00000000
30: 00000000 00000000 00000000 00000000 00000000 00000000 00000000 00000000
38: 00000000 00000000 00000000 00000000 00000000 00000000 00000000 00000000
40: 00000000 00000000 00000000 00000000 00000000 00000000 00000000 00000000
48: 00000000 00000000 00000000 00000000 00000000 00000000 00000000 00000000
50: 00000000 00000000 00000000 00000000 00000000 00000000 00000000 00000000
58: 00000000 00000000 00000000 00000000 00000000 00000000 00000000 00000000
60: 00000000 00000000 00000000 00000000 00000000 00000000 00000000 00000000
68: 00000000 00000000 00000000 00000000 00000000 00000000 00000000 00000000
70: 00000000 00000000 00000000 00000000 00000000 00000000 00000000 00000000
78: 00000000 00000000 00000000 00000000 00000000 00000000 00000000 00000000
80: 00000000 00000000 00000000 00000000 00000000 00000000 00000000 00000000
88: 00000000 00000000 00000000 00000000 00000000 00000000 00000000 00000000
90: 00000000 00000000 00000000 00000000 00000000 00000000 00000000 00000000
98: 00000000 00000000 00000000 00000000 00000000 00000000 00000000 00000000
a0: 00000000 00000000 00000000 00000000 00000000 00000000 00000000 00000000
a8: 00000000 00000000 00000000 00000000 00000000 00000000 00000000 00000000
b0: 00000000 00000000 00000000 ffffffff ffffffff ffffffff ffffffff ffffffff
b8: ffffffff ffffffff ffffffff ffffffff ffffffff ffffffff ffffffff ffffffff
c0: ffffffff ffffffff ffffffff ffffffff ffffffff ffffffff ffffffff ffffffff
c8: ffffffff ffffffff ffffffff ffffffff ffffffff ffffffff ffffffff ffffffff
d0: ffffffff ffffffff ffffffff ffffffff ffffffff ffffffff ffffffff ffffffff
d8: ffffffff ffffffff ffffffff ffffffff ffffffff ffffffff ffffffff ffffffff
e0: ffffffff ffffffff ffffffff ffffffff ffffffff 00000000 00000000 00000000
e8: 00000000 00000000 00000000 00000000 00000000 00000000 00000000 00000000
f0: 00000000 00000000 00000000 00000000 00000000 00000000 00000000 00000000
f8: 00000000 00000000 00000000 00000000 00000000 00000000 00000000 00000000
